dtu             train                            best_2mm                                              eval
                view      参数量     显存MiB        abs     2mm      4mm      8mm     less1    less3    view   显存MiB
vis              2       1848368       9426      7.2921   0.7581   0.8571   0.9073   0.8066   0.8984            
                 3       1848368      13702      6.4661   0.7939   0.8795   0.9210   0.8373   0.9126  
                 5       1848368      20990      6.0434   0.8210   0.8933   0.9285   0.8570   0.9200
+oa              2       1848368       9426      7.2921   0.7581   0.8571   0.9073   0.8066   0.8984            
                 3       1848368      13702      6.4661   0.7939   0.8795   0.9210   0.8373   0.9126  
                 5       1848368      21016      6.0434   0.8210   0.8933   0.9285   0.8570   0.9200
+range           2       1848368       9426      7.2921   0.7581   0.8571   0.9073   0.8066   0.8984            
                 3       1848368      13702      6.4661   0.7939   0.8795   0.9210   0.8373   0.9126  
                 5       1848368      20990      6.0434   0.8210   0.8933   0.9285   0.8570   0.9200
+hyp             2       1848368       9426      7.2921   0.7581   0.8571   0.9073   0.8066   0.8984            
                 3       1848368      13702      6.4661   0.7939   0.8795   0.9210   0.8373   0.9126  
                 5       1848368      21016      6.0434   0.8210   0.8933   0.9285   0.8570   0.9200
+oa+range        2       1848368       9426      7.2921   0.7581   0.8571   0.9073   0.8066   0.8984            
                 3       1848368      13702      6.4661   0.7939   0.8795   0.9210   0.8373   0.9126  
                 5       1848368      21016      6.0434   0.8210   0.8933   0.9285   0.8570   0.9200
                 